1886240
0
5070576
0
3168536
0
290935
0
2267291
0
5182506
0
6503272
0
3284257
0
3346900
0
4782429
0
5093994
0
6872425
0
9134908
0
4328643
0
3153272
0
4195141
0
718393
0
1554170
0
5639270
0
1557274
0
5047677
0
533493
0
5092355
0
3857053
0
4372875
0
1943111
0
138175
0
606118
0
4494106
0
5878647
0
3794905
0
4615502
0
3219235
0
6550676
0
101
0
134000
0
664668
0
2947432
0
574613
0
3984748
0
614786
0
952595
0
6495582
0
99999
0
4679086
0
3767050
0
52004
0
6868395
0
3733001
0
592619
0
4650531
0
5551871
0
4775361
0
8090190
0
1010383
0
1966130
0
4298793
0
1149639
0
7675562
0
1858782
0
9130913
0
5045761
0
5019555
0
553338
0
5243442
0
3276456
0
1139347
0
7681886
0
6852825
0
5048676
0
5140196
0
3917746
0
2282201
0
1769784
0
8042299
0
7837174
0
591080
0
5243462
0
5946317
0
8738510
0
5100055
0
9034792
0
8696437
0
6857735
0
5078723
0
3656383
0
9129370
0
9217169
0
